$ 0 0.000005 1.0312258501325766 50 5 50 5e-11
151 672 -976 848 -976 0 2 5 5
151 848 -960 1008 -960 0 2 0 5
L 672 -992 560 -992 0 1 false 5 0
L 672 -960 560 -960 0 0 false 5 0
w 848 -976 848 -944 0
M 1008 -960 1136 -960 0 2.5
151 672 -1200 912 -1200 0 2 5 5
w 672 -1184 672 -1216 0
L 672 -1216 576 -1216 0 0 false 5 0
M 912 -1200 1008 -1200 0 2.5
151 896 -688 1104 -688 0 2 0 5
L 656 -720 560 -720 0 0 false 5 0
w 656 -688 656 -720 0
151 656 -704 896 -704 0 2 5 5
151 656 -624 896 -624 0 2 5 5
w 656 -608 656 -640 0
L 656 -640 560 -640 0 0 false 5 0
w 896 -672 896 -624 0
M 1104 -688 1232 -688 0 2.5
L 656 -368 560 -368 0 1 false 5 0
w 656 -336 656 -368 0
151 656 -352 896 -352 0 2 0 5
w 1072 -336 1072 -304 0
151 1072 -320 1232 -320 0 2 0 5
151 896 -336 1072 -336 0 2 5 5
L 896 -320 560 -320 0 1 false 5 0
M 1696 -288 1824 -288 0 2.5
151 1248 -224 1488 -224 0 2 5 5
151 1232 -304 1488 -304 0 2 5 5
w 1232 -288 1232 -320 0
151 1488 -288 1696 -288 0 2 0 5
151 912 -224 1088 -224 0 2 5 5
151 1088 -208 1248 -208 0 2 0 5
w 1088 -224 1088 -192 0
151 672 -240 912 -240 0 2 0 5
w 672 -224 672 -256 0
w 896 -320 896 -288 0
w 896 -288 672 -288 0
w 672 -256 672 -288 0
w 656 -336 656 -208 0
w 656 -208 912 -208 0
w 1248 -240 1248 -208 0
w 1488 -272 1488 -224 0
w 896 96 896 144 0
L 656 128 560 128 0 0 false 5 0
w 656 160 656 128 0
151 656 144 896 144 0 2 5 5
151 656 64 896 64 0 2 5 5
w 656 80 656 48 0
L 656 48 560 48 0 0 false 5 0
151 896 80 1104 80 0 2 0 5
M 1344 96 1440 96 0 2.5
w 1104 112 1104 80 0
151 1104 96 1344 96 0 2 5 5
x 541 -1440 1021 -1437 4 90 Logic\sGates
x 543 -1391 728 -1388 4 24 By:\sKrishna\sShah
x 540 -1355 684 -1352 6 24 Date:\s10/8/22
x 551 -1253 906 -1250 4 40 NOT\sGate\s(Inverter)
x 549 -1049 980 -1046 4 40 AND\sGate\s(Conjunction)
x 550 -768 1107 -765 4 40 OR\sGate\s(Inclusive\sDisjunction)
x 549 -417 1146 -414 4 40 XOR\sGate\s(Exclusive\sDisjunction)
x 547 0 1296 3 4 40 NOR\sGate\s(Negated\sInclusive\sDisjunction)
