$ 1 0.000005 10.20027730826997 50 5 50 5e-11
L 752 496 608 496 0 0 false 5 0
L 752 336 608 336 0 0 false 5 0
x 532 500 592 503 4 24 Clock
x 531 340 581 343 4 24 Data
151 1008 368 1120 368 0 2 5 5
151 1008 464 1120 464 0 2 0 5
w 1008 448 1120 368 0
w 1008 384 1120 464 0
151 896 480 1008 480 0 2 5 5
151 896 352 1008 352 0 2 5 5
I 848 336 848 464 0 0.5 5
w 848 336 896 336 0
w 848 464 896 464 0
w 896 496 752 496 0
w 848 336 752 336 0
w 896 368 752 368 0
w 752 368 752 496 0
x 518 157 1183 160 4 90 D-Type\sFlip-Flop
x 517 226 826 229 6 40 By:\sKrishna\sShah
x 516 270 778 273 4 40 Date:\s10/14/22
