$ 1 0.000005 10.20027730826997 50 5 50 5e-11
L 528 96 384 96 0 0 false 5 0
L 528 176 384 176 0 0 false 5 0
150 800 96 992 96 0 2 0 5
w 528 96 800 80 0
w 528 176 800 112 0
I 768 208 832 208 0 0.5 5
150 832 224 960 224 0 2 0 5
150 832 320 960 320 0 2 0 5
I 768 336 832 336 0 0.5 5
152 992 272 1184 272 0 2 0 5
w 960 224 992 256 0
w 960 320 992 288 0
M 992 96 1248 96 0 2.5
w 528 96 768 208 0
w 528 176 832 240 0
w 528 96 832 304 0
w 528 176 768 336 0
M 1184 272 1248 272 0 2.5
L 496 800 432 800 0 0 false 5 0
L 496 848 432 848 0 0 false 5 0
L 496 896 432 896 0 0 false 5 0
150 832 608 944 608 0 3 0 5
I 768 592 832 592 0 0.5 5
I 768 672 832 672 0 0.5 5
150 832 672 944 672 0 3 0 5
I 768 752 832 752 0 0.5 5
150 832 736 944 736 0 3 0 5
150 832 800 944 800 0 3 0 5
152 1040 704 1264 704 0 4 0 5
w 944 608 1040 672 0
w 944 672 1040 688 0
w 944 736 1040 720 0
w 944 800 1040 736 0
w 944 1104 1040 1040 0
w 944 1040 1040 1024 0
w 944 976 1040 992 0
w 944 912 1040 976 0
152 1040 1008 1264 1008 0 4 0 5
150 832 1104 944 1104 0 3 0 5
150 832 1040 944 1040 0 3 0 5
I 768 1056 832 1056 0 0.5 5
150 832 976 944 976 0 3 0 5
I 768 960 832 960 0 0.5 5
I 768 896 832 896 0 0.5 5
150 832 912 944 912 0 3 0 5
I 768 912 832 912 0 0.5 5
I 768 992 832 992 0 0.5 5
I 768 1040 832 1040 0 0.5 5
w 496 800 768 592 0
w 496 848 832 608 0
w 496 896 832 624 0
w 496 800 832 656 0
w 496 848 768 672 0
w 496 896 832 688 0
w 496 800 832 720 0
w 496 848 832 736 0
w 496 896 768 752 0
w 496 800 832 784 0
w 496 848 832 800 0
w 496 896 832 816 0
w 496 800 768 896 0
w 496 848 768 912 0
w 496 896 832 928 0
w 496 800 768 960 0
w 496 848 832 976 0
w 496 896 768 992 0
w 496 800 832 1024 0
w 496 848 768 1040 0
w 496 896 768 1056 0
w 496 800 832 1088 0
w 496 848 832 1104 0
w 496 896 832 1120 0
M 1264 704 1504 704 0 2.5
M 1264 1008 1504 1008 0 2.5
x 397 -278 1167 -275 4 90 Full\sand\sHalf\sAdder
x 399 -218 708 -215 6 40 By:\sKrishna\sShah
x 399 -168 661 -165 4 40 Date:\s10/14/22
x 552 21 838 24 4 60 Half-Adder
x 561 526 837 529 4 60 Full-Adder
